A =

   -6.7272    0.4024  121.9664
 -237.5345   -4.9558   -7.9396
   -4.0607  249.3686  -12.6939
